029.5460
036.5611
035.3820
034.3711
034.5218
035.0055
033.6205
034.2004
033.6327
034.7973
034.2048
033.1509
033.2983
036.8041
035.4160
034.2447
034.6648
034.7160
034.5792
034.0997
032.9350
034.9505
033.6954
033.8217
034.7908
034.1785
034.1074
034.2284
034.9741
034.9364
034.1751
033.2420
034.6991
034.0478
034.9408
035.5258
035.6683
032.5996
034.4023
033.9869
034.2835
034.0019
035.0220
033.3458
034.7051
034.4582
034.2904
034.3439
034.4056
034.7216
034.2046
035.5395
033.3363
035.6430
034.8491
035.9963
035.9785
033.9750
035.4908
033.2163
033.5166
033.3700
036.6046
032.1637
033.6230
032.1297
032.8250
033.6123
034.2298
033.6912
035.1156
033.2004
035.2759
033.7933
033.7414
036.5476
034.0987
035.8060
033.9952
035.1056
035.9299
033.7052
035.3935
033.9902
033.3492
035.6009
032.7708
034.2162
036.1380
033.2567
035.4413
035.7701
033.5944
036.1753
034.0755
033.7324
034.5970
033.7926
034.7545
034.0738
034.5483
034.7602
034.7879
034.2790
034.7495
034.5617
033.6741
034.3601
033.2889
033.7067
034.1668
033.2159
036.0569
034.0512
033.9939
035.6506
036.4163
034.3815
033.9968
036.3507
033.8569
033.8083
033.9292
034.0862
034.0952
034.2284
033.1760
034.0272
033.7500
035.4107
034.4835
033.5945
033.7188
034.7599
034.5547
033.4808
034.3794
034.3978
033.6464
034.6956
033.3310
033.4674
032.3863
035.5628
032.9133
033.6263
036.0625
034.1971
033.5927
035.0008
034.8376
034.3056
033.7002
032.9242
034.0448
034.3977
036.9406
034.6818
033.6495
034.5436
035.7432
036.2665
035.5839
034.2477
034.4548
034.6412
033.3384
033.3638
037.9620
033.8517
034.6769
034.1314
032.4072
033.7606
034.7671
034.8536
033.6132
035.0616
033.8310
034.1202
033.5651
033.7024
034.7111
034.3305
033.3619
034.4470
034.8880
035.8844
033.1871
034.9962
036.9210
031.6753
033.9795
034.0468
034.7044
034.9359
034.2839
034.3276
033.7219
032.8369
