036.7359
036.7359
038.6411
040.4483
040.4859
041.3632
044.6148
044.6148
045.8340
045.8340
045.8340
045.8651
047.8593
047.8593
047.8593
047.8593
047.8593
047.8593
047.8593
047.8593
048.2202
048.2202
048.2202
048.2202
048.2202
048.2202
048.4511
048.4511
048.4511
048.3464
048.3464
048.3464
048.3464
048.3464
048.3464
048.3464
048.3464
048.3464
048.3464
048.3464
048.3464
048.3464
048.3464
048.6751
048.8077
048.8077
048.8077
048.8077
048.8077
048.8077
048.8077
048.8077
048.8077
048.8077
048.8077
048.8077
048.8077
048.8077
048.8077
048.8077
048.8077
048.8077
048.8077
048.8077
049.0360
049.1025
048.9059
048.9059
048.9059
048.9059
048.9059
049.1099
049.1099
049.1099
049.1099
049.1099
049.1099
049.1099
049.1099
049.1099
049.1099
049.1099
049.1099
049.1099
049.1541
049.2114
049.2114
049.2114
049.2114
049.2114
049.2114
049.2114
049.2114
049.2114
049.2114
049.2114
049.2114
049.2114
049.2114
049.2114
049.2114
049.2413
049.2413
049.2413
049.2413
049.2413
049.2413
049.2413
049.2413
050.2886
050.2886
050.2886
050.2886
050.2886
050.2886
050.2886
050.2886
050.2886
050.3031
050.3031
050.3031
050.3031
050.3031
050.3031
050.3031
050.3031
050.3031
050.3031
050.3031
050.3031
050.3031
050.3031
050.3031
050.3031
050.3031
050.3031
050.3031
050.3031
050.3031
050.3031
050.3031
050.3031
050.3031
050.3031
050.3031
050.3031
050.3031
050.5632
050.5632
050.5632
050.5632
050.5632
050.5632
050.5632
050.5632
050.6833
050.5632
050.5632
050.5632
050.5632
050.5632
050.5632
050.6601
050.6601
050.6048
050.6048
050.6048
050.6571
050.6571
050.6571
050.7611
050.7611
050.7611
050.8190
050.8190
050.8190
050.8190
050.8190
050.8190
050.8190
050.8935
050.8935
050.8935
050.8935
050.8935
050.8935
050.8935
050.8935
051.1653
051.1653
051.1653
051.1653
051.1653
051.1653
051.1653
051.1653
051.1653
051.1653
051.1653
051.1653
